 net3            i(V_i_in)       net3            i(VI_out)       net3            v(Vin)         
 2.76936971e-01  1.13484825e-05  2.76936971e-01  1.10134124e-11  2.76936971e-01  2.93980315e-01 
 2.76930791e-01  1.13484851e-05  2.76930791e-01  2.90641090e-07  2.76930791e-01  2.93966120e-01 
 2.76929049e-01  1.13484867e-05  2.76929049e-01  3.81843975e-07  2.76929049e-01  2.93956542e-01 
 2.76925120e-01  1.13484888e-05  2.76925120e-01  5.84743425e-07  2.76925120e-01  2.93944919e-01 
 2.76925528e-01  1.13484902e-05  2.76925528e-01  5.63861370e-07  2.76925528e-01  2.93937484e-01 
 2.76920525e-01  1.13484925e-05  2.76920525e-01  8.18232856e-07  2.76920525e-01  2.93925106e-01 
 2.76919846e-01  1.13484940e-05  2.76919846e-01  8.52439754e-07  2.76919846e-01  2.93916835e-01 
 2.76917010e-01  1.13484958e-05  2.76917010e-01  9.94557773e-07  2.76917010e-01  2.93906670e-01 
 2.76918458e-01  1.13484970e-05  2.76918458e-01  9.22147180e-07  2.76918458e-01  2.93900288e-01 
 2.76912932e-01  1.13484992e-05  2.76912932e-01  1.19691571e-06  2.76912932e-01  2.93888001e-01 
 2.76911696e-01  1.13485007e-05  2.76911696e-01  1.25785416e-06  2.76911696e-01  2.93879473e-01 
 2.76908329e-01  1.13485026e-05  2.76908329e-01  1.42282250e-06  2.76908329e-01  2.93869256e-01 
 2.76909186e-01  1.13485038e-05  2.76909186e-01  1.38096537e-06  2.76909186e-01  2.93862451e-01 
 2.76904757e-01  1.13485057e-05  2.76904757e-01  1.59642167e-06  2.76904757e-01  2.93851594e-01 
 2.76904549e-01  1.13485071e-05  2.76904549e-01  1.60645872e-06  2.76904549e-01  2.93844088e-01 
 2.76902228e-01  1.13485088e-05  2.76902228e-01  1.71845797e-06  2.76902228e-01  2.93835022e-01 
 2.76904099e-01  1.13485098e-05  2.76904099e-01  1.62823244e-06  2.76904099e-01  2.93828749e-01 
 2.76898338e-01  1.13485119e-05  2.76898338e-01  1.90477417e-06  2.76898338e-01  2.93817391e-01 
 2.76896798e-01  1.13485134e-05  2.76896798e-01  1.97808389e-06  2.76896798e-01  2.93809117e-01 
 2.76893166e-01  1.13485151e-05  2.76893166e-01  2.15000109e-06  2.76893166e-01  2.93799493e-01 
 2.76893679e-01  1.13485164e-05  2.76893679e-01  2.12584373e-06  2.76893679e-01  2.93792636e-01 
 2.76889009e-01  1.13485182e-05  2.76889009e-01  2.34512394e-06  2.76889009e-01  2.93782545e-01 
 2.76888479e-01  1.13485195e-05  2.76888479e-01  2.36989134e-06  2.76888479e-01  2.93775168e-01 
 2.76885878e-01  1.13485212e-05  2.76885878e-01  2.49095805e-06  2.76885878e-01  2.93766557e-01 
 2.76887391e-01  1.13485222e-05  2.76887391e-01  2.42060185e-06  2.76887391e-01  2.93760403e-01 
 2.76882200e-01  1.13485240e-05  2.76882200e-01  2.66102015e-06  2.76882200e-01  2.93750449e-01 
 2.76881130e-01  1.13485255e-05  2.76881130e-01  2.71023235e-06  2.76881130e-01  2.93742937e-01 
 2.76878004e-01  1.13485269e-05  2.76878004e-01  2.85332239e-06  2.76878004e-01  2.93734351e-01 
 2.76878954e-01  1.13485281e-05  2.76878954e-01  2.80997240e-06  2.76878954e-01  2.93727933e-01 
 2.76874796e-01  1.13485297e-05  2.76874796e-01  2.99924157e-06  2.76874796e-01  2.93718978e-01 
 2.76874716e-01  1.13485309e-05  2.76874716e-01  3.00285667e-06  2.76874716e-01  2.93712146e-01 
 2.76872591e-01  1.13485324e-05  2.76872591e-01  3.09897233e-06  2.76872591e-01  2.93704345e-01 
 2.76874541e-01  1.13485329e-05  2.76874541e-01  3.01081909e-06  2.76874541e-01  2.93701409e-01 
 2.76868694e-01  1.13485346e-05  2.76868694e-01  3.27398837e-06  2.76868694e-01  2.93692070e-01 
 2.76866940e-01  1.13485359e-05  2.76866940e-01  3.35232311e-06  2.76866940e-01  2.93684644e-01 
 2.76863158e-01  1.13485374e-05  2.76863158e-01  3.52016758e-06  2.76863158e-01  2.93676432e-01 
 2.76863388e-01  1.13485386e-05  2.76863388e-01  3.51002296e-06  2.76863388e-01  2.93669876e-01 
 2.76858602e-01  1.13485401e-05  2.76858602e-01  3.72054405e-06  2.76858602e-01  2.93661462e-01 
 2.76857823e-01  1.13485414e-05  2.76857823e-01  3.75462287e-06  2.76857823e-01  2.93654667e-01 
 2.76855039e-01  1.13485428e-05  2.76855039e-01  3.87589146e-06  2.76855039e-01  2.93647180e-01 
 2.76856230e-01  1.13485439e-05  2.76856230e-01  3.82409202e-06  2.76856230e-01  2.93641095e-01 
 2.76850942e-01  1.13485453e-05  2.76850942e-01  4.05298081e-06  2.76850942e-01  2.93632926e-01 
 2.76849637e-01  1.13485465e-05  2.76849637e-01  4.10905716e-06  2.76849637e-01  2.93626145e-01 
 2.76846346e-01  1.13485478e-05  2.76846346e-01  4.24973960e-06  2.76846346e-01  2.93618807e-01 
 2.76846986e-01  1.13485490e-05  2.76846986e-01  4.22249412e-06  2.76846986e-01  2.93612630e-01 
 2.76842698e-01  1.13485502e-05  2.76842698e-01  4.40447239e-06  2.76842698e-01  2.93605172e-01 
 2.76842344e-01  1.13485514e-05  2.76842344e-01  4.41943456e-06  2.76842344e-01  2.93598842e-01 
 2.76840015e-01  1.13485527e-05  2.76840015e-01  4.51747685e-06  2.76840015e-01  2.93592041e-01 
 2.76841596e-01  1.13485538e-05  2.76841596e-01  4.45096564e-06  2.76841596e-01  2.93585907e-01 
 2.76836052e-01  1.13485551e-05  2.76836052e-01  4.68310197e-06  2.76836052e-01  2.93578532e-01 
 2.76834446e-01  1.13485563e-05  2.76834446e-01  4.74981248e-06  2.76834446e-01  2.93572089e-01 
 2.76830880e-01  1.13485575e-05  2.76830880e-01  4.89700990e-06  2.76830880e-01  2.93565320e-01 
 2.76831187e-01  1.13485586e-05  2.76831187e-01  4.88438778e-06  2.76831187e-01  2.93559275e-01 
 2.76826643e-01  1.13485598e-05  2.76826643e-01  5.07031954e-06  2.76826643e-01  2.93552506e-01 
 2.76825972e-01  1.13485609e-05  2.76825972e-01  5.09762955e-06  2.76825972e-01  2.93546432e-01 
 2.76823357e-01  1.13485621e-05  2.76823357e-01  5.20355137e-06  2.76823357e-01  2.93540112e-01 
 2.76824595e-01  1.13485631e-05  2.76824595e-01  5.15346224e-06  2.76824595e-01  2.93534302e-01 
 2.76819546e-01  1.13485643e-05  2.76819546e-01  5.35674738e-06  2.76819546e-01  2.93527832e-01 
 2.76818360e-01  1.13485654e-05  2.76818360e-01  5.40416241e-06  2.76818360e-01  2.93521862e-01 
 2.76815241e-01  1.13485665e-05  2.76815241e-01  5.52814461e-06  2.76815241e-01  2.93515759e-01 
 2.76815944e-01  1.13485675e-05  2.76815944e-01  5.50027541e-06  2.76815944e-01  2.93509962e-01 
 2.76811850e-01  1.13485686e-05  2.76811850e-01  5.66190049e-06  2.76811850e-01  2.93503934e-01 
 2.76811583e-01  1.13485696e-05  2.76811583e-01  5.67234768e-06  2.76811583e-01  2.93498183e-01 
 2.76809391e-01  1.13485707e-05  2.76809391e-01  5.75816011e-06  2.76809391e-01  2.93492375e-01 
 2.76811064e-01  1.13485718e-05  2.76811064e-01  5.69271425e-06  2.76811064e-01  2.93486045e-01 
 2.76805190e-01  1.13485728e-05  2.76805190e-01  5.92127771e-06  2.76805190e-01  2.93480315e-01 
 2.76803162e-01  1.13485738e-05  2.76803162e-01  5.99939333e-06  2.76803162e-01  2.93474701e-01 
 2.76799225e-01  1.13485749e-05  2.76799225e-01  6.14992438e-06  2.76799225e-01  2.93469166e-01 
 2.76799055e-01  1.13485759e-05  2.76799055e-01  6.15640660e-06  2.76799055e-01  2.93463582e-01 
 2.76794170e-01  1.13485768e-05  2.76794170e-01  6.34094881e-06  2.76794170e-01  2.93458243e-01 
 2.76793049e-01  1.13485778e-05  2.76793049e-01  6.38298309e-06  2.76793049e-01  2.93452839e-01 
 2.76790041e-01  1.13485788e-05  2.76790041e-01  6.49515686e-06  2.76790041e-01  2.93447575e-01 
 2.76790760e-01  1.13485797e-05  2.76790760e-01  6.46840186e-06  2.76790760e-01  2.93442094e-01 
 2.76785397e-01  1.13485807e-05  2.76785397e-01  6.66654644e-06  2.76785397e-01  2.93437150e-01 
 2.76783771e-01  1.13485816e-05  2.76783771e-01  6.72608117e-06  2.76783771e-01  2.93431979e-01 
 2.76780278e-01  1.13485826e-05  2.76780278e-01  6.85305931e-06  2.76780278e-01  2.93427041e-01 
 2.76780465e-01  1.13485834e-05  2.76780465e-01  6.84627899e-06  2.76780465e-01  2.93421719e-01 
 2.76776033e-01  1.13485843e-05  2.76776033e-01  7.00571822e-06  2.76776033e-01  2.93417037e-01 
 2.76775285e-01  1.13485852e-05  2.76775285e-01  7.03244544e-06  2.76775285e-01  2.93411954e-01 
 2.76772682e-01  1.13485860e-05  2.76772682e-01  7.12497818e-06  2.76772682e-01  2.93407162e-01 
 2.76773730e-01  1.13485871e-05  2.76773730e-01  7.08778433e-06  2.76773730e-01  2.93401576e-01 
 2.76768113e-01  1.13485878e-05  2.76768113e-01  7.28577807e-06  2.76768113e-01  2.93397412e-01 
 2.76766179e-01  1.13485887e-05  2.76766179e-01  7.35323869e-06  2.76766179e-01  2.93392700e-01 
 2.76762408e-01  1.13485895e-05  2.76762408e-01  7.48367101e-06  2.76762408e-01  2.93388381e-01 
 2.76762252e-01  1.13485904e-05  2.76762252e-01  7.48904316e-06  2.76762252e-01  2.93383381e-01 
 2.76757562e-01  1.13485911e-05  2.76757562e-01  7.64920944e-06  2.76757562e-01  2.93379401e-01 
 2.76756487e-01  1.13485920e-05  2.76756487e-01  7.68561887e-06  2.76756487e-01  2.93374726e-01 
 2.76753593e-01  1.13485927e-05  2.76753593e-01  7.78305973e-06  2.76753593e-01  2.93370495e-01 
 2.76754287e-01  1.13485936e-05  2.76754287e-01  7.75975857e-06  2.76754287e-01  2.93365441e-01 
 2.76749116e-01  1.13485942e-05  2.76749116e-01  7.93213418e-06  2.76749116e-01  2.93361901e-01 
 2.76747544e-01  1.13485951e-05  2.76747544e-01  7.98401616e-06  2.76747544e-01  2.93357524e-01 
 2.76744166e-01  1.13485957e-05  2.76744166e-01  8.09463480e-06  2.76744166e-01  2.93353674e-01 
 2.76744341e-01  1.13485966e-05  2.76744341e-01  8.08893697e-06  2.76744341e-01  2.93348856e-01 
 2.76740048e-01  1.13485972e-05  2.76740048e-01  8.22795979e-06  2.76740048e-01  2.93345399e-01 
 2.76739314e-01  1.13485980e-05  2.76739314e-01  8.25155013e-06  2.76739314e-01  2.93340957e-01 
 2.76736782e-01  1.13485987e-05  2.76736782e-01  8.33248406e-06  2.76736782e-01  2.93337095e-01 
 2.76737773e-01  1.13485991e-05  2.76737773e-01  8.30088669e-06  2.76737773e-01  2.93335047e-01 
 2.76731979e-01  1.13485996e-05  2.76731979e-01  8.48431124e-06  2.76731979e-01  2.93332378e-01 
 2.76729752e-01  1.13486004e-05  2.76729752e-01  8.55391640e-06  2.76729752e-01  2.93328596e-01 
 2.76725746e-01  1.13486010e-05  2.76725746e-01  8.67789202e-06  2.76725746e-01  2.93325485e-01 
 2.76725231e-01  1.13486017e-05  2.76725231e-01  8.69371866e-06  2.76725231e-01  2.93321161e-01 
 2.76720334e-01  1.13486021e-05  2.76720334e-01  8.84281035e-06  2.76720334e-01  2.93318521e-01 
 2.76718927e-01  1.13486028e-05  2.76718927e-01  8.88520362e-06  2.76718927e-01  2.93314661e-01 
 2.76715762e-01  1.13486034e-05  2.76715762e-01  8.97988969e-06  2.76715762e-01  2.93311514e-01 
 2.76716051e-01  1.13486042e-05  2.76716051e-01  8.97129161e-06  2.76716051e-01  2.93307046e-01 
 2.76710688e-01  1.13486045e-05  2.76710688e-01  9.12960007e-06  2.76710688e-01  2.93304906e-01 
 2.76708789e-01  1.13486052e-05  2.76708789e-01  9.18496777e-06  2.76708789e-01  2.93301435e-01 
 2.76705150e-01  1.13486056e-05  2.76705150e-01  9.29007379e-06  2.76705150e-01  2.93298738e-01 
 2.76704920e-01  1.13486064e-05  2.76704920e-01  9.29667754e-06  2.76704920e-01  2.93294610e-01 
 2.76700399e-01  1.13486068e-05  2.76700399e-01  9.42537797e-06  2.76700399e-01  2.93292429e-01 
 2.76699290e-01  1.13486075e-05  2.76699290e-01  9.45663405e-06  2.76699290e-01  2.93288805e-01 
 2.76696453e-01  1.13486080e-05  2.76696453e-01  9.53606129e-06  2.76696453e-01  2.93285997e-01 
 2.76696995e-01  1.13486088e-05  2.76696995e-01  9.52096803e-06  2.76696995e-01  2.93281414e-01 
 2.76691348e-01  1.13486090e-05  2.76691348e-01  9.67700764e-06  2.76691348e-01  2.93280053e-01 
 2.76689113e-01  1.13486096e-05  2.76689113e-01  9.73795024e-06  2.76689113e-01  2.93277140e-01 
 2.76685167e-01  1.13486099e-05  2.76685167e-01  9.84431995e-06  2.76685167e-01  2.93275112e-01 
 2.76684561e-01  1.13486106e-05  2.76684561e-01  9.86052236e-06  2.76684561e-01  2.93271458e-01 
 2.76679751e-01  1.13486109e-05  2.76679751e-01  9.98789382e-06  2.76679751e-01  2.93270002e-01 
 2.76678281e-01  1.13486114e-05  2.76678281e-01  1.00263692e-05  2.76678281e-01  2.93266912e-01 
 2.76675119e-01  1.13486118e-05  2.76675119e-01  1.01084631e-05  2.76675119e-01  2.93264741e-01 
 2.76675267e-01  1.13486126e-05  2.76675267e-01  1.01046530e-05  2.76675267e-01  2.93260855e-01 
 2.76669983e-01  1.13486127e-05  2.76669983e-01  1.02397855e-05  2.76669983e-01  2.93259943e-01 
 2.76668020e-01  1.13486131e-05  2.76668020e-01  1.02893078e-05  2.76668020e-01  2.93257301e-01 
 2.76664381e-01  1.13486135e-05  2.76664381e-01  1.03802105e-05  2.76664381e-01  2.93255632e-01 
 2.76664011e-01  1.13486142e-05  2.76664011e-01  1.03893922e-05  2.76664011e-01  2.93252154e-01 
 2.76659509e-01  1.13486143e-05  2.76659509e-01  1.04999560e-05  2.76659509e-01  2.93251098e-01 
 2.76658283e-01  1.13486148e-05  2.76658283e-01  1.05297364e-05  2.76658283e-01  2.93248222e-01 
 2.76655389e-01  1.13486152e-05  2.76655389e-01  1.05995230e-05  2.76655389e-01  2.93246357e-01 
